%YAML:1.0
---
xMin: 224
yMin: 386
xMax: 888
yMax: 1046
