%YAML:1.0
---
ins: !!opencv-matrix
   rows: 3
   cols: 3
   dt: f
   data: [ 1.16878491e+03, 0., 5.44528015e+02, 0., 1.16729407e+03,
       5.56774597e+02, 0., 0., 1. ]
Dis: [ -3.0549299716949463e-01, 4.7367441654205322e-01,
    2.7879748959094286e-03, 5.7877524523064494e-04,
    -1.2348606586456299e+00 ]
error: 3.0760234594345093e-01
