%YAML:1.0
---
xMin: 204
yMin: 374
xMax: 908
yMax: 1074
